10
2 1
100 20
200 10
2 2
100 20
200 10
3 2
100 10
100 10
100 10
4 2
9 3
7 1
10 1
8 4
6 1
10061 48
13090 1
3929 377283
3962 342247
3562 357317
3236 341647
10 2
760231 716273
464974 921306
563774 336718
901835 831071
117665 386267
504234 422227
386608 423560
250976 166814
814198 332510
525954 73388
4 3
25802 2020
29226 2015
25389 2987
292154 42
7 1
29952 2156
292268 41
28960 2303
26218 2586
28902 2517
251546 98
29325 2860
4 3
3132 391970
3904 362400
15050 15
3304 363402
9 2
335207 102275
87360 392437
64760 529390
273802 125212
42368 809179
227379 150776
63228 542217
780070 43949
38189 897727
6 1
19891 73
3889 391978
15413 11
3805 363020
3342 378543
3165 390042
7 4
17316 308154
585858 9108
37674 141636
251082 21252
78039 68376
16744 318681
60606 88044
